{
 "cells": [
  {
   "cell_type": "markdown",
   "metadata": {},
   "source": [
    "# Fuzzy C-Means"
   ]
  },
  {
   "cell_type": "code",
   "execution_count": 1,
   "metadata": {},
   "outputs": [],
   "source": [
    "import csv\n",
    "import random\n",
    "import numpy as np\n",
    "import math\n",
    "import pandas as pd"
   ]
  },
  {
   "cell_type": "code",
   "execution_count": 2,
   "metadata": {},
   "outputs": [],
   "source": [
    "file = open(\"data_user_modeling.csv\")\n",
    "data = csv.reader(file,delimiter=\",\")\n",
    "data = list(data)\n",
    "datax = list(data)"
   ]
  },
  {
   "cell_type": "code",
   "execution_count": 3,
   "metadata": {},
   "outputs": [],
   "source": [
    "data = [x[:-1] for x in data[1:]]"
   ]
  },
  {
   "cell_type": "code",
   "execution_count": 4,
   "metadata": {},
   "outputs": [],
   "source": [
    "datax = [x[:-1] for x in datax[1:]]"
   ]
  },
  {
   "cell_type": "code",
   "execution_count": 5,
   "metadata": {},
   "outputs": [
    {
     "data": {
      "text/plain": [
       "array([[0.  , 0.  , 0.  , 0.  , 0.  ],\n",
       "       [0.08, 0.08, 0.1 , 0.24, 0.9 ],\n",
       "       [0.06, 0.06, 0.05, 0.25, 0.33],\n",
       "       ...,\n",
       "       [0.54, 0.82, 0.71, 0.29, 0.77],\n",
       "       [0.5 , 0.75, 0.81, 0.61, 0.26],\n",
       "       [0.66, 0.9 , 0.76, 0.87, 0.74]])"
      ]
     },
     "execution_count": 5,
     "metadata": {},
     "output_type": "execute_result"
    }
   ],
   "source": [
    "data = np.asarray(data,dtype=float)\n",
    "data"
   ]
  },
  {
   "cell_type": "code",
   "execution_count": 6,
   "metadata": {},
   "outputs": [],
   "source": [
    "def matrikskeanggotaan():\n",
    "    matriksu = list()\n",
    "    for i in range(len(data)):\n",
    "        randomnumber = [random.random() for x in range(c)]\n",
    "        jumlah = sum(randomnumber)\n",
    "        temp = list()\n",
    "        for x in randomnumber:\n",
    "            temp.append(round(x/jumlah,3))\n",
    "        matriksu.append(temp)\n",
    "    return matriksu"
   ]
  },
  {
   "cell_type": "code",
   "execution_count": 7,
   "metadata": {},
   "outputs": [],
   "source": [
    "def centroid(keanggotaan):\n",
    "    xraised = []\n",
    "    jumlahcentroid = []\n",
    "    centroid = []\n",
    "    for x in range(len(data)):\n",
    "        raised = []\n",
    "        for y in range(c):\n",
    "            cie = math.pow(keanggotaan[x][y],w)\n",
    "            raised.append(cie)\n",
    "        xraised.append(raised) \n",
    "    for x in range(c):\n",
    "        sumz = 0\n",
    "        for y in range(len(data)):\n",
    "            sumz += xraised[y][x]\n",
    "        jumlahcentroid.append(sumz)\n",
    "    for i in range(c):\n",
    "        temp = []\n",
    "        for x in range(len(data[0])):\n",
    "            sum_u = 0\n",
    "            for y in range(len(data)):\n",
    "                sum_u += (xraised[y][i]*data[y][x])/(jumlahcentroid[i])\n",
    "            temp.append(round(sum_u,4))\n",
    "        centroid.append(temp)\n",
    "    return centroid"
   ]
  },
  {
   "cell_type": "code",
   "execution_count": 8,
   "metadata": {},
   "outputs": [],
   "source": [
    "def obyektif(centroid,keanggotaan):\n",
    "    obj = 0\n",
    "    dist = []\n",
    "    xraised = []\n",
    "    for x in range(len(data)):\n",
    "        raised = []\n",
    "        for y in range(c):\n",
    "            cie = math.pow(keanggotaan[x][y],w)\n",
    "            raised.append(cie)\n",
    "        xraised.append(raised)\n",
    "    for x in range(len(data)):\n",
    "        temp = []\n",
    "        for y in range(c):\n",
    "            sum_z = 0\n",
    "            for i in range(len(data[0])):\n",
    "                sum_z += math.pow(data[x][i]-centroid[y][i],2)\n",
    "            temp.append(sum_z)\n",
    "        dist.append(temp)\n",
    "    for x in range(len(data)):\n",
    "        for y in range(c):\n",
    "            obj += dist[x][y]*xraised[x][y]\n",
    "    return obj"
   ]
  },
  {
   "cell_type": "code",
   "execution_count": 9,
   "metadata": {},
   "outputs": [],
   "source": [
    "def updateMatriks(keanggotaan,centroid):\n",
    "    dist = []\n",
    "    for x in range(len(data)):\n",
    "        temp = []\n",
    "        for y in range(c):\n",
    "            sum_z = 0\n",
    "            for i in range(len(data[0])):\n",
    "                sum_z += math.pow(data[x][i]-centroid[y][i],2)\n",
    "            temp.append(round(math.sqrt(sum_z),4))\n",
    "        dist.append(temp)\n",
    "    distraised = []\n",
    "    for i in range(len(dist)):\n",
    "        temp = []\n",
    "        for j in range(len(dist[0])):\n",
    "            x=1/(dist[i][j]**2)\n",
    "            temp.append(x)\n",
    "        distraised.append(temp)\n",
    "    jumlah = []\n",
    "    pop = 0\n",
    "    for i in range(len(distraised)):\n",
    "        for j in range(len(distraised[0])):\n",
    "            pop += distraised[i][j]\n",
    "        jumlah.append(pop)\n",
    "        pop = 0\n",
    "    updatematriksu = []\n",
    "    for i in range(len(distraised)):\n",
    "        temp = []\n",
    "        for j in range(len(distraised[0])):\n",
    "            x = distraised[i][j]/jumlah[i]\n",
    "            temp.append(x)\n",
    "        updatematriksu.append(temp)\n",
    "    return updatematriksu"
   ]
  },
  {
   "cell_type": "code",
   "execution_count": 10,
   "metadata": {},
   "outputs": [],
   "source": [
    "def findcluster(u):\n",
    "    cluster = []\n",
    "    for x in u:\n",
    "        cluster.append(np.argmax(x)+1)\n",
    "    return cluster"
   ]
  },
  {
   "cell_type": "code",
   "execution_count": 11,
   "metadata": {},
   "outputs": [],
   "source": [
    "# wew =[[0.539, 0.461],[0.588, 0.412],[0.56, 0.44],[0.968, 0.032],[0.328, 0.672],[0.952, 0.048],[0.446, 0.554],[0.343, 0.657],[0.724, 0.276],[0.606, 0.394],[0.705, 0.295],[0.547, 0.453],[0.844, 0.156],[0.006, 0.994],[0.421, 0.579],[0.595, 0.405],[0.141, 0.859],[0.891, 0.109],[0.533, 0.467],[0.146, 0.854]]"
   ]
  },
  {
   "cell_type": "code",
   "execution_count": 12,
   "metadata": {},
   "outputs": [],
   "source": [
    "c=4\n",
    "w=2"
   ]
  },
  {
   "cell_type": "code",
   "execution_count": 13,
   "metadata": {},
   "outputs": [],
   "source": [
    "wew = matrikskeanggotaan()"
   ]
  },
  {
   "cell_type": "code",
   "execution_count": 14,
   "metadata": {},
   "outputs": [
    {
     "data": {
      "text/plain": [
       "[[0.007, 0.231, 0.439, 0.322],\n",
       " [0.249, 0.388, 0.101, 0.262],\n",
       " [0.295, 0.317, 0.201, 0.187],\n",
       " [0.041, 0.069, 0.787, 0.104],\n",
       " [0.107, 0.398, 0.374, 0.121],\n",
       " [0.323, 0.329, 0.076, 0.271],\n",
       " [0.296, 0.167, 0.275, 0.263],\n",
       " [0.369, 0.011, 0.267, 0.353],\n",
       " [0.026, 0.31, 0.342, 0.322],\n",
       " [0.221, 0.315, 0.336, 0.128],\n",
       " [0.467, 0.012, 0.385, 0.135],\n",
       " [0.315, 0.254, 0.25, 0.182],\n",
       " [0.093, 0.54, 0.101, 0.265],\n",
       " [0.235, 0.109, 0.591, 0.065],\n",
       " [0.052, 0.282, 0.247, 0.419],\n",
       " [0.135, 0.37, 0.095, 0.4],\n",
       " [0.133, 0.277, 0.15, 0.44],\n",
       " [0.447, 0.028, 0.355, 0.171],\n",
       " [0.019, 0.473, 0.091, 0.417],\n",
       " [0.265, 0.451, 0.189, 0.095],\n",
       " [0.36, 0.139, 0.149, 0.352],\n",
       " [0.162, 0.405, 0.061, 0.372],\n",
       " [0.093, 0.273, 0.363, 0.271],\n",
       " [0.025, 0.302, 0.319, 0.354],\n",
       " [0.361, 0.206, 0.166, 0.267],\n",
       " [0.452, 0.205, 0.098, 0.245],\n",
       " [0.203, 0.428, 0.122, 0.247],\n",
       " [0.073, 0.104, 0.389, 0.434],\n",
       " [0.266, 0.195, 0.254, 0.285],\n",
       " [0.331, 0.195, 0.039, 0.435],\n",
       " [0.533, 0.155, 0.287, 0.025],\n",
       " [0.269, 0.131, 0.285, 0.315],\n",
       " [0.245, 0.29, 0.339, 0.126],\n",
       " [0.312, 0.295, 0.132, 0.26],\n",
       " [0.041, 0.416, 0.287, 0.255],\n",
       " [0.286, 0.472, 0.221, 0.021],\n",
       " [0.454, 0.244, 0.197, 0.106],\n",
       " [0.024, 0.317, 0.147, 0.513],\n",
       " [0.129, 0.251, 0.14, 0.48],\n",
       " [0.287, 0.284, 0.343, 0.085],\n",
       " [0.052, 0.038, 0.503, 0.407],\n",
       " [0.565, 0.318, 0.107, 0.009],\n",
       " [0.291, 0.153, 0.308, 0.249],\n",
       " [0.231, 0.174, 0.464, 0.131],\n",
       " [0.239, 0.381, 0.36, 0.02],\n",
       " [0.243, 0.239, 0.131, 0.387],\n",
       " [0.037, 0.207, 0.029, 0.727],\n",
       " [0.191, 0.232, 0.36, 0.217],\n",
       " [0.136, 0.156, 0.465, 0.243],\n",
       " [0.105, 0.318, 0.414, 0.163],\n",
       " [0.081, 0.28, 0.263, 0.377],\n",
       " [0.059, 0.43, 0.181, 0.33],\n",
       " [0.04, 0.082, 0.445, 0.432],\n",
       " [0.332, 0.311, 0.077, 0.28],\n",
       " [0.341, 0.253, 0.295, 0.11],\n",
       " [0.266, 0.468, 0.14, 0.126],\n",
       " [0.464, 0.156, 0.046, 0.335],\n",
       " [0.346, 0.32, 0.221, 0.114],\n",
       " [0.076, 0.142, 0.134, 0.648],\n",
       " [0.347, 0.163, 0.332, 0.158],\n",
       " [0.387, 0.027, 0.222, 0.364],\n",
       " [0.254, 0.346, 0.056, 0.344],\n",
       " [0.375, 0.336, 0.103, 0.186],\n",
       " [0.086, 0.274, 0.261, 0.379],\n",
       " [0.183, 0.228, 0.508, 0.082],\n",
       " [0.264, 0.126, 0.328, 0.282],\n",
       " [0.3, 0.008, 0.341, 0.35],\n",
       " [0.152, 0.78, 0.036, 0.032],\n",
       " [0.247, 0.283, 0.273, 0.197],\n",
       " [0.083, 0.497, 0.144, 0.276],\n",
       " [0.111, 0.066, 0.133, 0.69],\n",
       " [0.38, 0.046, 0.383, 0.19],\n",
       " [0.326, 0.317, 0.143, 0.214],\n",
       " [0.431, 0.386, 0.062, 0.121],\n",
       " [0.131, 0.355, 0.385, 0.129],\n",
       " [0.128, 0.156, 0.219, 0.496],\n",
       " [0.151, 0.309, 0.188, 0.351],\n",
       " [0.155, 0.243, 0.487, 0.115],\n",
       " [0.176, 0.256, 0.288, 0.279],\n",
       " [0.106, 0.259, 0.386, 0.25],\n",
       " [0.243, 0.34, 0.159, 0.258],\n",
       " [0.503, 0.116, 0.111, 0.271],\n",
       " [0.218, 0.079, 0.314, 0.389],\n",
       " [0.23, 0.524, 0.196, 0.05],\n",
       " [0.068, 0.411, 0.146, 0.375],\n",
       " [0.298, 0.297, 0.232, 0.174],\n",
       " [0.313, 0.283, 0.099, 0.305],\n",
       " [0.445, 0.004, 0.152, 0.399],\n",
       " [0.419, 0.167, 0.327, 0.087],\n",
       " [0.226, 0.368, 0.333, 0.073],\n",
       " [0.113, 0.343, 0.138, 0.406],\n",
       " [0.375, 0.057, 0.458, 0.109],\n",
       " [0.047, 0.221, 0.651, 0.081],\n",
       " [0.27, 0.191, 0.245, 0.295],\n",
       " [0.434, 0.14, 0.309, 0.117],\n",
       " [0.301, 0.315, 0.228, 0.156],\n",
       " [0.29, 0.151, 0.17, 0.39],\n",
       " [0.296, 0.241, 0.313, 0.15],\n",
       " [0.458, 0.079, 0.462, 0.0],\n",
       " [0.278, 0.22, 0.179, 0.323],\n",
       " [0.184, 0.457, 0.241, 0.117],\n",
       " [0.085, 0.286, 0.193, 0.436],\n",
       " [0.278, 0.257, 0.229, 0.236],\n",
       " [0.034, 0.109, 0.131, 0.726],\n",
       " [0.432, 0.327, 0.233, 0.009],\n",
       " [0.167, 0.119, 0.338, 0.375],\n",
       " [0.316, 0.321, 0.249, 0.114],\n",
       " [0.245, 0.28, 0.197, 0.277],\n",
       " [0.13, 0.487, 0.021, 0.362],\n",
       " [0.257, 0.316, 0.253, 0.173],\n",
       " [0.502, 0.112, 0.051, 0.334],\n",
       " [0.382, 0.463, 0.019, 0.136],\n",
       " [0.052, 0.276, 0.184, 0.489],\n",
       " [0.184, 0.203, 0.245, 0.367],\n",
       " [0.135, 0.347, 0.138, 0.38],\n",
       " [0.315, 0.127, 0.525, 0.034],\n",
       " [0.128, 0.445, 0.072, 0.355],\n",
       " [0.156, 0.196, 0.341, 0.307],\n",
       " [0.074, 0.275, 0.236, 0.415],\n",
       " [0.042, 0.414, 0.492, 0.051],\n",
       " [0.138, 0.08, 0.522, 0.26],\n",
       " [0.19, 0.14, 0.212, 0.458],\n",
       " [0.278, 0.021, 0.425, 0.276],\n",
       " [0.063, 0.16, 0.01, 0.766],\n",
       " [0.549, 0.039, 0.004, 0.408],\n",
       " [0.22, 0.187, 0.201, 0.392],\n",
       " [0.251, 0.312, 0.126, 0.312],\n",
       " [0.308, 0.37, 0.054, 0.268],\n",
       " [0.217, 0.47, 0.003, 0.31],\n",
       " [0.271, 0.275, 0.224, 0.23],\n",
       " [0.139, 0.311, 0.385, 0.165],\n",
       " [0.013, 0.252, 0.072, 0.662],\n",
       " [0.146, 0.325, 0.224, 0.306],\n",
       " [0.067, 0.035, 0.475, 0.422],\n",
       " [0.045, 0.353, 0.258, 0.345],\n",
       " [0.247, 0.365, 0.311, 0.077],\n",
       " [0.596, 0.198, 0.132, 0.074],\n",
       " [0.229, 0.5, 0.253, 0.018],\n",
       " [0.297, 0.292, 0.384, 0.026],\n",
       " [0.248, 0.231, 0.277, 0.244],\n",
       " [0.239, 0.366, 0.078, 0.316],\n",
       " [0.303, 0.21, 0.189, 0.298],\n",
       " [0.137, 0.437, 0.226, 0.201],\n",
       " [0.185, 0.342, 0.348, 0.125],\n",
       " [0.146, 0.513, 0.34, 0.001],\n",
       " [0.053, 0.15, 0.162, 0.635],\n",
       " [0.317, 0.149, 0.213, 0.32],\n",
       " [0.359, 0.176, 0.29, 0.176],\n",
       " [0.183, 0.337, 0.02, 0.46],\n",
       " [0.125, 0.368, 0.252, 0.255],\n",
       " [0.235, 0.065, 0.327, 0.373],\n",
       " [0.598, 0.063, 0.154, 0.185],\n",
       " [0.317, 0.199, 0.134, 0.35],\n",
       " [0.122, 0.422, 0.192, 0.263],\n",
       " [0.298, 0.067, 0.372, 0.262],\n",
       " [0.087, 0.226, 0.097, 0.59],\n",
       " [0.823, 0.042, 0.015, 0.12],\n",
       " [0.286, 0.326, 0.239, 0.15],\n",
       " [0.03, 0.486, 0.079, 0.406],\n",
       " [0.265, 0.307, 0.174, 0.254],\n",
       " [0.553, 0.039, 0.073, 0.335],\n",
       " [0.23, 0.142, 0.344, 0.283],\n",
       " [0.061, 0.112, 0.155, 0.672],\n",
       " [0.149, 0.215, 0.259, 0.376],\n",
       " [0.406, 0.065, 0.265, 0.264],\n",
       " [0.261, 0.238, 0.214, 0.287],\n",
       " [0.388, 0.026, 0.305, 0.281],\n",
       " [0.263, 0.083, 0.266, 0.388],\n",
       " [0.267, 0.312, 0.022, 0.399],\n",
       " [0.055, 0.467, 0.271, 0.206],\n",
       " [0.072, 0.143, 0.634, 0.151],\n",
       " [0.185, 0.365, 0.314, 0.136],\n",
       " [0.273, 0.292, 0.205, 0.23],\n",
       " [0.469, 0.107, 0.202, 0.222],\n",
       " [0.109, 0.328, 0.457, 0.107],\n",
       " [0.222, 0.299, 0.139, 0.341],\n",
       " [0.202, 0.307, 0.303, 0.187],\n",
       " [0.142, 0.276, 0.344, 0.238],\n",
       " [0.334, 0.27, 0.241, 0.155],\n",
       " [0.292, 0.113, 0.359, 0.236],\n",
       " [0.009, 0.415, 0.111, 0.465],\n",
       " [0.068, 0.16, 0.47, 0.302],\n",
       " [0.365, 0.425, 0.201, 0.01],\n",
       " [0.143, 0.225, 0.103, 0.529],\n",
       " [0.502, 0.228, 0.005, 0.265],\n",
       " [0.341, 0.026, 0.305, 0.329],\n",
       " [0.139, 0.119, 0.347, 0.395],\n",
       " [0.256, 0.287, 0.312, 0.144],\n",
       " [0.145, 0.332, 0.316, 0.208],\n",
       " [0.541, 0.004, 0.01, 0.446],\n",
       " [0.503, 0.404, 0.043, 0.05],\n",
       " [0.007, 0.154, 0.516, 0.323],\n",
       " [0.189, 0.335, 0.116, 0.36],\n",
       " [0.099, 0.255, 0.462, 0.184],\n",
       " [0.515, 0.059, 0.227, 0.199],\n",
       " [0.356, 0.212, 0.292, 0.139],\n",
       " [0.202, 0.193, 0.423, 0.182],\n",
       " [0.135, 0.327, 0.261, 0.277],\n",
       " [0.084, 0.413, 0.063, 0.441],\n",
       " [0.272, 0.263, 0.238, 0.228],\n",
       " [0.302, 0.248, 0.334, 0.116],\n",
       " [0.137, 0.48, 0.223, 0.16],\n",
       " [0.201, 0.274, 0.035, 0.49],\n",
       " [0.4, 0.24, 0.217, 0.143],\n",
       " [0.335, 0.029, 0.134, 0.503],\n",
       " [0.189, 0.259, 0.202, 0.35],\n",
       " [0.067, 0.415, 0.167, 0.35],\n",
       " [0.052, 0.399, 0.224, 0.326],\n",
       " [0.071, 0.572, 0.254, 0.103],\n",
       " [0.282, 0.085, 0.352, 0.281],\n",
       " [0.173, 0.244, 0.199, 0.384],\n",
       " [0.452, 0.143, 0.251, 0.155],\n",
       " [0.38, 0.201, 0.305, 0.114],\n",
       " [0.226, 0.076, 0.113, 0.585],\n",
       " [0.585, 0.027, 0.318, 0.071],\n",
       " [0.431, 0.259, 0.253, 0.056],\n",
       " [0.374, 0.069, 0.36, 0.197],\n",
       " [0.06, 0.598, 0.33, 0.012],\n",
       " [0.378, 0.601, 0.006, 0.015],\n",
       " [0.216, 0.296, 0.004, 0.484],\n",
       " [0.423, 0.135, 0.247, 0.195],\n",
       " [0.281, 0.088, 0.273, 0.359],\n",
       " [0.195, 0.124, 0.343, 0.339],\n",
       " [0.286, 0.03, 0.407, 0.278],\n",
       " [0.159, 0.363, 0.163, 0.315],\n",
       " [0.294, 0.32, 0.061, 0.325],\n",
       " [0.5, 0.25, 0.042, 0.209],\n",
       " [0.147, 0.414, 0.242, 0.197],\n",
       " [0.386, 0.25, 0.135, 0.229],\n",
       " [0.314, 0.083, 0.208, 0.395],\n",
       " [0.037, 0.251, 0.338, 0.373],\n",
       " [0.184, 0.366, 0.334, 0.117],\n",
       " [0.121, 0.049, 0.15, 0.68],\n",
       " [0.302, 0.422, 0.192, 0.085],\n",
       " [0.103, 0.184, 0.311, 0.401],\n",
       " [0.164, 0.119, 0.395, 0.322],\n",
       " [0.28, 0.318, 0.266, 0.136],\n",
       " [0.62, 0.076, 0.08, 0.225],\n",
       " [0.39, 0.275, 0.08, 0.255],\n",
       " [0.004, 0.418, 0.243, 0.336],\n",
       " [0.161, 0.254, 0.138, 0.447],\n",
       " [0.191, 0.213, 0.228, 0.368],\n",
       " [0.321, 0.09, 0.268, 0.321],\n",
       " [0.458, 0.097, 0.346, 0.099],\n",
       " [0.365, 0.31, 0.017, 0.307],\n",
       " [0.384, 0.239, 0.279, 0.098],\n",
       " [0.169, 0.316, 0.393, 0.123],\n",
       " [0.367, 0.261, 0.131, 0.241],\n",
       " [0.326, 0.055, 0.287, 0.332],\n",
       " [0.148, 0.022, 0.247, 0.582],\n",
       " [0.08, 0.481, 0.395, 0.044],\n",
       " [0.171, 0.023, 0.405, 0.401],\n",
       " [0.295, 0.022, 0.369, 0.315],\n",
       " [0.407, 0.196, 0.208, 0.188],\n",
       " [0.262, 0.069, 0.319, 0.35],\n",
       " [0.095, 0.332, 0.257, 0.316],\n",
       " [0.321, 0.36, 0.099, 0.22],\n",
       " [0.135, 0.297, 0.382, 0.186]]"
      ]
     },
     "execution_count": 14,
     "metadata": {},
     "output_type": "execute_result"
    }
   ],
   "source": [
    "wew"
   ]
  },
  {
   "cell_type": "code",
   "execution_count": 15,
   "metadata": {},
   "outputs": [
    {
     "name": "stdout",
     "output_type": "stream",
     "text": [
      "[[0.23256617462656734, 0.3390446312218466, 0.21866024738432632, 0.20972894676725976], [0.35178584190645124, 0.22954825135107707, 0.16359270277345025, 0.25507320396902144], [0.24008537423642684, 0.37450294513935745, 0.1931020007384234, 0.19230967988579228], [0.16782980543130052, 0.4267847803836787, 0.258234090798214, 0.14715132338680678], [0.18031904007743474, 0.3432166443517599, 0.30793359760356626, 0.16853071796723912], [0.37486996770071923, 0.1987961663227525, 0.13456076320279114, 0.2917731027737372], [0.3228326235879473, 0.24619661132895682, 0.15835178361655972, 0.2726189814665361], [0.1621267417163259, 0.4121814747354297, 0.262683200968461, 0.16300858257978348], [0.12056685330143137, 0.4013699862444696, 0.35757486512634484, 0.12048829532775406], [0.3353737639011863, 0.2000758687602704, 0.16520295484132594, 0.2993474124972173], [0.3914837959707073, 0.13835548583762033, 0.1220833649312021, 0.3480773532604702], [0.1916571247026899, 0.34984990317020914, 0.2546073784773902, 0.20388559364971087], [0.15384911905955914, 0.2991785157141336, 0.38027581628460044, 0.16669654894170677], [0.336919307854354, 0.16620921394252527, 0.15447196032418278, 0.342399517878938], [0.29019881990891866, 0.14010034762796558, 0.1421494212757811, 0.4275514111873347], [0.30909913642373904, 0.16288976556696047, 0.17029837651657628, 0.35771272149272426], [0.22712374380600592, 0.28304142753713496, 0.23614160866291617, 0.25369321999394295], [0.2718660520765029, 0.34302257740586833, 0.17429254064943842, 0.21081882986819034], [0.2233459236456594, 0.4252787946006268, 0.18190323915825565, 0.16947204259545817], [0.2960671321848947, 0.3450567748410756, 0.1729864679939815, 0.1858896249800481], [0.14019451402979552, 0.4015993034815492, 0.3267235301187996, 0.1314826523698556], [0.4571516959358771, 0.15683250926249256, 0.10143588207191499, 0.2845799127297152], [0.4084277252331275, 0.21170791904647668, 0.12866973880437577, 0.25119461691602], [0.10056342217238053, 0.6557859885902673, 0.15479872274094977, 0.08885186649640249], [0.13545520276509948, 0.36359971662491686, 0.3665128724681165, 0.13443220814186732], [0.3533643590175543, 0.145767497676153, 0.1381577481929108, 0.36271039511338193], [0.18883197624356513, 0.3434370062971386, 0.2587714143887476, 0.20895960307054873], [0.15586092450307437, 0.3246861601417421, 0.3292896212151971, 0.19016329413998637], [0.19254581591024555, 0.23306572940391374, 0.362563149876345, 0.21182530480949557], [0.3214487938204264, 0.14151897987596654, 0.14698458292260264, 0.39004764338100445], [0.27808367831170616, 0.15860528895386997, 0.17028089021891804, 0.39303014251550583], [0.13436423850506157, 0.23099499935461587, 0.457045699332444, 0.17759506280787848], [0.135829722861437, 0.2605262966907028, 0.4399932659968156, 0.16365071445104465], [0.38501566739097165, 0.22238504948502522, 0.14705477986188908, 0.2455445032621141], [0.47571855273848224, 0.15508853450490348, 0.11319348732935906, 0.2559994254272552], [0.18672225236133835, 0.45670865849235703, 0.2066889763557147, 0.1498801127905899], [0.1445718188676443, 0.4002902723663319, 0.32254990974479736, 0.1325879990212265], [0.292789888444011, 0.3056765212642729, 0.16031264438781312, 0.24122094590390306], [0.17476140030677198, 0.4120067386252794, 0.24240960255975424, 0.17082225850819438], [0.1978073953035405, 0.4138340739442478, 0.22475344930431385, 0.16360508144789787], [0.13839144755238522, 0.3575860266732657, 0.36306153060511054, 0.14096099516923866], [0.39440099890015917, 0.1143013024111839, 0.10822946843250693, 0.38306823025615006], [0.36550450765658576, 0.13899803658714485, 0.12592475533978542, 0.36957270041648405], [0.09649330734819604, 0.23366106453252777, 0.5484668778969792, 0.12137875022229698], [0.17989300672863667, 0.3139416993241943, 0.2911174056833407, 0.2150478882638284], [0.3065010562521463, 0.13919882137917308, 0.14246510860924577, 0.4118350137594348], [0.28763147238825193, 0.14749999490161733, 0.1648517516070012, 0.4000167811031296], [0.2894050636883375, 0.1461720919890309, 0.17830213070468034, 0.3861207136179512], [0.28130075599584276, 0.17582275004853723, 0.23142004773691524, 0.3114564462187048], [0.3482315644958277, 0.2530596628902388, 0.16278545241603096, 0.2359233201979025], [0.2250169099834259, 0.3872449820905959, 0.20572567286056603, 0.18201243506541212], [0.24937777776217065, 0.30925814090751197, 0.24186073618453147, 0.19950334514578594], [0.16306040067328817, 0.36194558665745574, 0.32059655934717973, 0.1543974533220764], [0.3826347619308484, 0.17312669725485597, 0.15015335205628638, 0.29408518875800915], [0.3371785767710773, 0.2109416979177938, 0.17549431281975922, 0.2763854124913697], [0.1906081451990265, 0.3705015705808744, 0.26184949106029193, 0.17704079315980703], [0.1322510910060533, 0.3001768115215516, 0.4330642364182619, 0.13450786105413307], [0.3158711086314816, 0.16430159631015553, 0.16221690247925158, 0.35761039257911137], [0.38761971625680686, 0.12229613290772358, 0.12427981722325022, 0.3658043336122193], [0.14626519245452088, 0.2800967566158781, 0.40520448000875836, 0.1684335709208426], [0.14785942203034105, 0.29235823085958745, 0.397014046375248, 0.16276830073482346], [0.288897789870813, 0.1875043911195201, 0.1983522536418111, 0.3252455653678559], [0.2650069445498813, 0.18494914470026144, 0.22346986724170892, 0.3265740435081484], [0.18800463946904308, 0.21955068329254282, 0.34506883926173454, 0.24737583797667956], [0.14796315686310663, 0.2079839270430215, 0.45705721590011583, 0.18699570019375608], [0.23298583541739684, 0.3729151540084156, 0.19727586880263376, 0.19682314177155394], [0.20786071419734045, 0.44815306856032516, 0.18076043303454992, 0.16322578420778444], [0.23037198270597922, 0.3812330379888292, 0.21062034248133915, 0.17777463682385244], [0.22113127091066515, 0.4342235235640485, 0.17388258411475363, 0.1707626214105327], [0.385123508733908, 0.18362883220078827, 0.12647867190760342, 0.3047689871577004], [0.39723865255212537, 0.21572411071924008, 0.12096111350856953, 0.266076123220065], [0.39645657980431126, 0.1718874049828159, 0.1371372907247777, 0.29451872448809524], [0.11173252111017214, 0.4305256842725412, 0.34349643832722276, 0.11424535629006381], [0.35773544313860856, 0.14118068325846192, 0.0994311506421303, 0.40165272296079924], [0.33321267800093934, 0.12624870205621996, 0.13085262849760998, 0.4096859914452307], [0.12856015758671413, 0.4267924140580743, 0.29801777704259136, 0.1466296513126202], [0.13048648551825046, 0.306423861347598, 0.4138077328172343, 0.1492819203169172], [0.2473318335337607, 0.23483039888900614, 0.20252728392188352, 0.31531048365534964], [0.1997635381392612, 0.2789205891074409, 0.2611744993581189, 0.2601413733951791], [0.17784128362396687, 0.21505377984509014, 0.3330638753378938, 0.2740410611930491], [0.1439915751733379, 0.2311511221416216, 0.4386463542370013, 0.18621094844803915], [0.46769661733225365, 0.1726335844233459, 0.10299106749127822, 0.25667873075312225], [0.5982566255847757, 0.13450029989643217, 0.0716975263741239, 0.19554554814466835], [0.12021136159594871, 0.6077829502149455, 0.17453356440163437, 0.09747212378747135], [0.15618857299782365, 0.4344495013564002, 0.27120999570923854, 0.13815192993653755], [0.1773386934809513, 0.4264804641969698, 0.22352857052727143, 0.17265227179480747], [0.5375102109249952, 0.10876940787422193, 0.08234707718938436, 0.2713733040113985], [0.051269570374515266, 0.821608868519305, 0.08211516621921565, 0.04500639488696402], [0.09319448632043871, 0.3194229208122303, 0.4883557686821959, 0.09902682418513505], [0.4400136309050683, 0.11072671585635194, 0.08462462089653706, 0.3646350323420427], [0.2775089214320934, 0.0983808401460286, 0.0951897161132972, 0.5289205223085808], [0.0924238178193629, 0.20346538287646163, 0.5943091696476158, 0.10980162965655955], [0.09817804504748154, 0.30862948791169414, 0.47512083291092544, 0.11807163412989895], [0.2077392684422341, 0.22477252077872514, 0.25368462810046866, 0.31380358267857217], [0.2907104207446454, 0.1290130042805283, 0.1571766236694443, 0.42309995130538197], [0.14364283471245953, 0.22551483563517133, 0.4338092350387443, 0.19703309461362478], [0.11711851079749745, 0.22052742285574492, 0.5122858155646353, 0.15006825078212238], [0.49450902187205054, 0.15200238649892311, 0.103696208996494, 0.2497923826325324], [0.48332538472712405, 0.20614478716669307, 0.09538214126136578, 0.21514768684481697], [0.16744270654917434, 0.5256258874723627, 0.17866486596649014, 0.1282665400119729], [0.10261849168992719, 0.6536402339161123, 0.15946401382703826, 0.08427726056692211], [0.4884097239790798, 0.1362454746501783, 0.1061364112711619, 0.26920839009958003], [0.48164044633605585, 0.21785173312552122, 0.09244924573443003, 0.20805857480399295], [0.05440976655123651, 0.7347851918742744, 0.1569888551351176, 0.0538161864393715], [0.10711626197787188, 0.3843225465042799, 0.39969177710480475, 0.10886941441304337], [0.43119951573127174, 0.06831733236311836, 0.05846585209697834, 0.4420172998086316], [0.3191919375354339, 0.08631266296490679, 0.07793058947981422, 0.5165648100198452], [0.23317745114795857, 0.10857778936894255, 0.1275368771364232, 0.5307078823466755], [0.09203510474350036, 0.22039309841313795, 0.5816720576230668, 0.10589973922029491], [0.3094146323108271, 0.12377011391450864, 0.14705967803354422, 0.41975557574112], [0.213980255365046, 0.19987654122283172, 0.23780140132921404, 0.3483418020829081], [0.1871787411385583, 0.20147135960356075, 0.3116111819475826, 0.29973871731029833], [0.18732319287823504, 0.20002162097500614, 0.38334991156854303, 0.2293052745782158], [0.3650398909742795, 0.23041091965867733, 0.16832606212129075, 0.23622312724575237], [0.40728912851061205, 0.20708092063745287, 0.13792814195268277, 0.24770180889925233], [0.2228817215312682, 0.3260045299714551, 0.2705582627641719, 0.18055548573310473], [0.1375209100962994, 0.3637338157718575, 0.3617297765224396, 0.13701549760940337], [0.2590027114734177, 0.2359780401838623, 0.27577739841512966, 0.22924184992759047], [0.36161542416055115, 0.1704697054907245, 0.1537003705616542, 0.3142144997870702], [0.4324439591711651, 0.1205885267905822, 0.11618701350283124, 0.33078050053542146], [0.13538228105676836, 0.31238266301306555, 0.4090935563814571, 0.14314149954870886], [0.16865170186716416, 0.29169192733655214, 0.37005332149923165, 0.1696030492970522], [0.2908503939564949, 0.22890385439040659, 0.17091887514745666, 0.3093268765056417], [0.34333313632632273, 0.16317925767875746, 0.16797134545919, 0.3255162605357298], [0.30409432126739955, 0.18300919009982666, 0.21320296952071524, 0.29969351911205855], [0.2018164918229488, 0.21442198918542107, 0.35545313466351636, 0.22830838432811387], [0.2779600095529446, 0.15710474150401368, 0.19300722274531087, 0.37192802619773085], [0.2279867731876081, 0.2096924900844904, 0.2650737941938297, 0.29724694253407186], [0.16142985486609443, 0.23616715169618815, 0.4033974483484188, 0.1990055450892987], [0.14841076870594272, 0.21236930849312535, 0.4584219157101616, 0.18079800709077032], [0.2749973379966695, 0.3284517704073176, 0.17917932328453506, 0.217371568311478], [0.4744484135452413, 0.17641055154033367, 0.10437061102298122, 0.24477042389144388], [0.1519701042781037, 0.4316075745478594, 0.2715960541830915, 0.14482626699094536], [0.2773827535899784, 0.25154632242678965, 0.23853634599599777, 0.2325345779872341], [0.4174383845515034, 0.15997525456016035, 0.10908108632642342, 0.31350527456191274], [0.37695375083380717, 0.2673595219438534, 0.11987059422829432, 0.23581613299404525], [0.12043582203969824, 0.4977792039412499, 0.25679781237314814, 0.12498716164590368], [0.13349377340799007, 0.369063922968343, 0.36079918754285123, 0.13664311608081575], [0.33863934494913844, 0.15206655050843976, 0.12272339570940996, 0.38657070883301187], [0.2206818804455658, 0.3103598605771057, 0.21751737534132923, 0.25144088363599926], [0.13109492031136824, 0.37296912236051705, 0.3481636875484388, 0.1477722697796759], [0.14232285154455973, 0.21253389672895467, 0.4642907046613902, 0.18085254706509551], [0.2713442841769567, 0.15879646249220516, 0.1685189238150711, 0.4013403295157672], [0.22051028091754654, 0.21534023133324465, 0.23494672991430887, 0.32920275783489994], [0.19514355344069595, 0.171195920649748, 0.3127452287803052, 0.3209152971292509], [0.2074252258054135, 0.20394481016599852, 0.3408948821510297, 0.2477350818775583], [0.24514321090547328, 0.4345441834469282, 0.14655131775975894, 0.17376128788783957], [0.1434904742383175, 0.5259190245129551, 0.20127998288060459, 0.12931051836812277], [0.13246461825097394, 0.47357577239521503, 0.2748291582759678, 0.11913045107784322], [0.3182352114967737, 0.24301753769795836, 0.20770564237713918, 0.23104160842812874], [0.45268613437648536, 0.1316266153664079, 0.10461539532537062, 0.3110718549317361], [0.12924563160422392, 0.6389211682480774, 0.12242417909812527, 0.10940902104957353], [0.07800254682492298, 0.5776139348328226, 0.26297398408578726, 0.08140953425646706], [0.09695343019518204, 0.32689530203001615, 0.472517578358871, 0.10363368941593074], [0.4393871597606515, 0.10261261481441293, 0.07922468858981074, 0.3787755368351248], [0.18975834758761478, 0.044372218007185715, 0.04183252738316926, 0.7240369070220303], [0.17903837526710883, 0.07212610012642645, 0.08823479304925128, 0.6606007315572135], [0.2730685136995631, 0.18115712288771765, 0.252168512218914, 0.2936058511938052], [0.28343746432508576, 0.10877717750614764, 0.11225345383932037, 0.4955319043294462], [0.22783474390767805, 0.10960859763539928, 0.14509988019545397, 0.5174567782614686], [0.13275850326454527, 0.20847704403465328, 0.4688923968763248, 0.18987205582447672], [0.13205069910166706, 0.2024290115613324, 0.494167180736347, 0.17135310860065348], [0.3942529137259465, 0.2054789856673423, 0.1479462358221055, 0.2523218647846058], [0.47168400103228153, 0.13928920883944035, 0.112249960839686, 0.276776829288592], [0.13606566794934363, 0.516457978498699, 0.22867530907251346, 0.11880104447944397], [0.4227014965365171, 0.18532678096849967, 0.13609323210986657, 0.2558784903851166], [0.6441175622853864, 0.08013846909324338, 0.05099028665819435, 0.2247536819631759], [0.44740965920622455, 0.10964576292896917, 0.11364693619808192, 0.3292976416667244], [0.0784304319593647, 0.4915483802074702, 0.35138796233991637, 0.07863322549324865], [0.458639950739549, 0.13162243314813155, 0.11107281078606668, 0.2986648053262527], [0.2571317630991643, 0.22995017849963537, 0.19013339943511362, 0.3227846589660866], [0.1550656045028967, 0.056557502696769894, 0.06709115457114176, 0.7212857382291917], [0.3480102719392871, 0.1242570709587817, 0.15155949887072628, 0.37617315823120484], [0.08413920858424367, 0.19948210647889075, 0.6137205399314849, 0.10265814500538069], [0.28846976330267754, 0.1321568721902259, 0.15013631647744186, 0.42923704802965473], [0.19046359122160555, 0.18868771661570932, 0.2809907934597055, 0.33985789870297956], [0.13239629295287306, 0.19792980340453956, 0.4820590047026521, 0.18761489893993533], [0.2301349134917294, 0.16981373605387007, 0.28845516630618084, 0.31159618414821977], [0.3977562353241089, 0.19714692794007335, 0.14258533787225974, 0.26251149886355796], [0.41228661970044295, 0.18823574547812813, 0.14163162247718186, 0.2578460123442471], [0.17840281419284337, 0.3615097742660952, 0.29926435817103747, 0.160823053370024], [0.21407920384157897, 0.26565260737739854, 0.3213377965243996, 0.19893039225662296], [0.37485168985002526, 0.1617961718754806, 0.1540027845627368, 0.3093493537117572], [0.23141328138644798, 0.32403990310349107, 0.2137690227194276, 0.2307777927906332], [0.12952839936083127, 0.35674281901209975, 0.3854211684691462, 0.12830761315792272], [0.14729012018877613, 0.28540744370528537, 0.4154734586836465, 0.151828977422292], [0.3348223280631035, 0.1625497584301686, 0.16467413543745332, 0.3379537780692745], [0.3112656634818295, 0.13746194602227566, 0.1587366698737399, 0.3925357206221548], [0.11620595634743237, 0.20979189300364165, 0.5207960151291577, 0.1532061355197683], [0.21069287457715857, 0.2271772425109934, 0.3370309981522769, 0.22509888475957116], [0.2950333851969164, 0.1454683856045239, 0.16889543830743803, 0.3906027908911216], [0.32424096072122427, 0.13280687989614653, 0.15659491706036752, 0.3863572423222617], [0.23279460158465184, 0.14147323226484732, 0.222267050521025, 0.4034651156294758], [0.21976060384044066, 0.18974251823989402, 0.3313134948781776, 0.25918338304148775], [0.38290503136820137, 0.20507996457342048, 0.13788304930448306, 0.2741319547538951], [0.23238632638922097, 0.37044384485053194, 0.19120456566225463, 0.2059652630979924], [0.17296025262711226, 0.3878028352340879, 0.27340927421866273, 0.1658276379201371], [0.19125507360801075, 0.3429396626383886, 0.2906763642137692, 0.17512889953983155], [0.34136934185833184, 0.19365522596500956, 0.15844761886961034, 0.3065278133070482], [0.17933365193099476, 0.3956067183409153, 0.2431080028981619, 0.18195162682992796], [0.13810033449049616, 0.40202282916625315, 0.3182996821767245, 0.14157715416652616], [0.22121188359717192, 0.2870267519129038, 0.28115798924090973, 0.21060337524901465], [0.22595127221039987, 0.28630379212624707, 0.23001563966806157, 0.2577292959952915], [0.22579480947824027, 0.25174453122646284, 0.24690128652164411, 0.2755593727736528], [0.2640602317678654, 0.18063423227575975, 0.24339616289379817, 0.31190937306257666], [0.13972826081072365, 0.2763295692497053, 0.42475098039034836, 0.15919118954922257], [0.28927325544811977, 0.16174459430387422, 0.17383510264625954, 0.3751470476017465], [0.25925492491600705, 0.1917140842997585, 0.21553880165031872, 0.3334921891339157], [0.15234467780236566, 0.2640818750555508, 0.38027790007999324, 0.20329554706209027], [0.2345705788877915, 0.2038903236518785, 0.2804216312073038, 0.28111746625302625], [0.3430128542176903, 0.22766672398671245, 0.16487729954690225, 0.2644431222486951], [0.2972343809691244, 0.2732266174490961, 0.19457979643467627, 0.23495920514710333], [0.2987802556853531, 0.22549865894267687, 0.21603011381329051, 0.25969097155867954], [0.2001272370157358, 0.3146835620292611, 0.3008953974024574, 0.18429380355254582], [0.35666598181715886, 0.1519605063760973, 0.13509114489253282, 0.35628236691421095], [0.22762378037104386, 0.33439836221176955, 0.20705151123929413, 0.2309263461778925], [0.11896153373496599, 0.5115622319750784, 0.25679885942670383, 0.11267737486325163], [0.21182857128998075, 0.25633782145054157, 0.32987098763674483, 0.20196261962273282], [0.39341494291920487, 0.09696199948133279, 0.08221751024223903, 0.42740554735722336], [0.216675066950525, 0.22341122404720226, 0.23586267975312866, 0.3240510292491441], [0.12217119384944135, 0.24275875783234574, 0.4808373465109422, 0.15423270180727072], [0.16516496476704157, 0.23766386964329236, 0.40109739140105255, 0.1960737741886134], [0.2806488074725009, 0.16001903820644336, 0.18598115376238136, 0.37335100055867443], [0.2623039868723552, 0.14410052604146906, 0.18005120303357416, 0.41354428405260163], [0.13204686894855178, 0.20829848750170712, 0.47606007142222156, 0.18359457212751967], [0.2311926352209975, 0.19310434272819849, 0.29774722427465095, 0.27795579777615315], [0.3514789817455572, 0.2276587226723655, 0.16512687161646247, 0.2557354239656147], [0.24412974063161036, 0.37427570219577344, 0.19303923736819315, 0.18855531980442303], [0.3066569472221765, 0.2210100142931666, 0.21047226061296945, 0.2618607778716874], [0.2687772532093366, 0.24606653142001444, 0.24481457607532744, 0.24034163929532157], [0.3815135311656832, 0.17411657319945326, 0.13954096731426, 0.30482892832060354], [0.22779319935292516, 0.3392330751223646, 0.209599927239295, 0.2233737982854152], [0.0889753804364017, 0.32501040448155816, 0.4888317033313053, 0.09718251175073493], [0.2321441979951705, 0.21735825225496877, 0.3052628018527711, 0.24523474789708963], [0.3590951165676526, 0.1271116661305096, 0.11754175835931249, 0.3962514589425255], [0.23039286528531336, 0.25909980362438, 0.21801808528365565, 0.292489245806651], [0.08438860254045642, 0.19747010426710318, 0.6094506846699401, 0.10869060852250031], [0.358838294122797, 0.1264678345334352, 0.14018927834534917, 0.3745045929984186], [0.2941796595532583, 0.13311259069804568, 0.14698671711713804, 0.42572103263155797], [0.23695422895742713, 0.123862263442705, 0.17092142919207365, 0.4682620784077942], [0.11576952448536888, 0.19070848711013993, 0.5289887475390821, 0.16453324086540902], [0.2523544847867967, 0.17903421453115345, 0.26034141050091086, 0.30826989018113904], [0.3755461732215178, 0.208160148769701, 0.15248670270310935, 0.2638069753056718], [0.2526584703949511, 0.2959748839428226, 0.23126500020756985, 0.2201016454546564], [0.1782040391462987, 0.31245249460590524, 0.33764935997771583, 0.17169410627008028], [0.2684483607502457, 0.22281460350779778, 0.2550503174537421, 0.25368671828821443], [0.3725560365665932, 0.16439985511553387, 0.1439538295907668, 0.31909027872710605], [0.24652879874771255, 0.30324838113579494, 0.22233149026451832, 0.22789132985197424], [0.2896405813464713, 0.1912400229079608, 0.22870219433910852, 0.29041720140645944], [0.20005460948539322, 0.22767400563183432, 0.3571234921028707, 0.2151478927799016], [0.3261279360541531, 0.1491514497923717, 0.1540153120907569, 0.37070530206271834], [0.2852899942466785, 0.14050749696289058, 0.1693941360005026, 0.4048083727899283], [0.11010220833448406, 0.2204816548074102, 0.5334822845186254, 0.1359338523394803], [0.21755298521871855, 0.20493945219100607, 0.32932736717570044, 0.248180195414575], [0.2949129976850103, 0.15982515280805815, 0.18166124243014414, 0.36360060707678743], [0.3104009586775292, 0.15426128969024386, 0.1816811178712362, 0.35365663376099066], [0.18468097005703552, 0.20507854087751176, 0.36755478568409466, 0.24268570338135798], [0.24406429580451303, 0.1988426665880855, 0.28391300567603706, 0.2731800319313643]]\n",
      "8.753892078772196e-06\n"
     ]
    }
   ],
   "source": [
    "membership = wew\n",
    "o1= 0\n",
    "o2 = 999\n",
    "e = 0.00001\n",
    "i = 0\n",
    "maxiter = 3\n",
    "while abs(o1-o2) > e:\n",
    "    centroidd = centroid(membership)\n",
    "    o2 = o1\n",
    "    o1 = obyektif(centroidd,membership)\n",
